21
20
602438 263530 374394 251590 130926 131084 212120 191769 72988 238262 435300 40369 458404 136690 258605 325530 536988 594195 194187 555614
636227 620673 441855 372282 336783 431743 544135 69365 279318 503907 130744 452398 455496 64755 591444 19791 540051 436883 206254 622148
570198 318755 51618 15201 583812 579611 198454 545972 263355 353895 115281 308443 307180 366681 22663 125109 84225 149843 46091 149909
179516 638030 472827 285045 445784 127499 375093 414430 589414 272047 50027 459367 565700 573990 199034 587537 197002 15945 568611 198844
573921 389833 573445 280331 187704 237105 534882 595825 587859 445575 161524 218471 106424 412739 608886 647479 401954 178229 580835 113490
587133 595403 620844 107507 620811 250540 36380 182790 405747 225494 554141 437269 460432 346221 171630 68397 50322 369895 597886 153192
232845 91282 78770 604083 63846 423456 514765 214904 364301 277657 405810 400261 196407 254119 225046 216075 149196 306205 149505 1124
435138 289479 649504 170490 565250 124760 5958 39945 114321 319328 295693 88747 497710 488079 118168 406395 156471 470699 236129 585424
353961 232279 356054 197557 12717 455762 136388 292310 532980 372976 558847 604388 508426 464378 324574 561042 132385 20319 228532 24132
60315 9211 464329 384347 2851 326266 41931 310548 295092 212349 61031 538735 81463 270985 573747 310518 586446 149064 88836 24454
450740 380115 531923 455784 89234 509066 409359 602236 623728 529930 387769 142287 522232 652638 141377 635521 317373 388547 198333 608232
307741 536394 234788 105848 536074 597757 614925 559496 256052 394818 256539 238692 508516 373903 424564 259888 531795 302052 206153 624612
30571 102819 148063 41652 96267 269759 304197 376342 242321 496151 394152 360423 251400 531417 246826 342468 294769 649383 22072 335139
478152 615748 246553 518299 467940 102188 513286 509621 538836 296344 501752 602838 423388 606241 396799 584436 653830 311628 296663 483635
544052 247704 159111 112516 478310 510253 338992 377594 371368 12493 4571 88234 98354 164366 317609 620338 88773 536195 618414 130015
200526 349252 278077 233225 217329 590916 125321 169818 601599 123105 232884 489283 162375 312610 508463 402465 121316 11514 568568 79974
430219 77029 77493 375061 616075 139140 316106 192006 306092 86050 490543 473769 388411 355094 561905 636613 285599 433297 261344 395698
422865 58796 394890 264414 255644 607063 94093 567065 594540 251351 441032 19181 386637 394086 49471 86607 192781 448288 280209 429542
615388 148450 505477 630839 550737 565515 271415 168032 163998 235767 237826 249228 203428 568024 171026 238688 406207 290110 360104 433106
436055 192131 247263 484613 363839 535105 390696 92751 60385 57347 83809 592230 118421 523111 453697 260738 629792 497444 223369 772
522928 384489 152718 91254 625258 368947 148588 366370 593136 34818 161932 354982 559311 152787 416082 524067 411867 55449 367371 572697
755574 4182777 3718750 1863356 903523 2259260 290934 3067057 1102007 4297662 2413939 1378950 1556816 2449275 2725130 1590360 2831102 409922 1140761 2158195
#N=21 M=20 expect= 7 range=655360
