22
30
167607 252202 23423 6672 244849 299262 542374 533040 511751 29445 468080 212296 4597 405003 437460 110653 98337 137894 571601 101422 345522 319761 596298 420715 393169 92377 605931 220381 263496 185486
654267 326782 343722 99511 350979 521534 627171 69867 531686 150486 580344 595624 547369 619715 336073 113539 339930 651992 509307 427120 61731 412178 345901 249138 322129 291680 78971 153769 369508 472492
136995 92851 355725 261110 461492 97523 370733 108161 490423 244186 322122 545376 75984 112030 57928 618664 103399 307030 296550 8341 425945 48872 578214 164273 514944 567239 217377 390795 465683 569283
222981 475592 22640 340329 27016 137904 8298 419968 102416 103958 441210 442695 372666 26691 283022 611400 418047 93194 98698 446084 552200 25635 455637 565338 608870 91414 600249 171216 166988 489941
64149 447153 317926 406863 623062 176416 326285 459295 116216 15332 342749 426756 500460 478907 571309 509517 410417 619810 138802 217312 245093 24761 260534 557837 259154 610751 569802 481085 284467 204178
372210 525365 307274 223676 100465 57288 622170 14355 587178 259992 195499 435381 244166 51389 171724 177364 530662 651452 443869 425314 403529 284765 101299 100045 107644 165911 91820 496546 135785 122091
50627 156741 383926 557717 346837 296534 330577 240265 233481 7457 161345 541122 47579 145018 404822 333194 91878 535986 50812 484125 236924 580891 640516 127384 90887 610594 207228 452614 136418 217102
314955 41051 437050 21498 551736 444781 167638 597719 641509 652121 71916 141990 198216 413839 655251 201746 152832 173929 513507 125301 343880 379581 64656 221183 431102 551221 556657 471078 614858 83771
54691 55488 501786 390574 482500 320144 474160 265269 616139 214548 125863 531252 469839 627771 452504 430340 410635 594360 383959 606833 366718 321712 633665 29770 145020 121008 102840 188286 247527 625651
416576 74511 564219 576221 431351 635933 417631 528785 154638 139429 435036 613453 87524 199140 152395 345072 82411 253143 212493 349452 650661 20997 449023 307727 36871 435645 359341 421927 166502 524533
126215 631094 236721 505494 475029 545801 34583 564638 641257 415630 408260 464747 517177 561069 371656 608072 471572 480184 499896 357522 588080 459576 553380 271435 433657 554350 114814 449016 413101 114368
486048 105304 168684 115454 631134 69636 5111 201442 324281 585657 579426 96250 12832 84591 608033 265114 93310 529350 598233 193520 548075 441266 285390 32078 62659 315557 353848 48368 181385 534438
494268 605775 373385 475361 36541 141234 475787 481142 320937 467359 603934 619575 440532 640230 37280 433747 165699 622962 1750 234624 579472 272011 562227 178844 300803 521696 148941 369282 126624 519462
95161 56546 475203 250577 444603 101778 566981 478548 300321 292470 568730 239499 280079 433077 561199 506634 303239 52538 140153 611363 565881 301538 566036 608029 302807 251128 247425 287981 281406 58499
397632 626042 516737 392735 449198 66854 6605 539977 68616 543134 392166 430203 509743 433236 512979 297258 191175 612247 518240 203631 61943 1913 106624 572647 487942 54490 605994 622613 639259 27962
289217 371356 304922 470865 161848 59598 376742 499367 252143 162920 463711 348490 361996 180742 312744 270256 424016 162594 517641 571579 210651 358023 204686 586558 49910 81098 202344 420629 201992 540204
137730 278474 271506 221547 386390 423602 257336 493028 238608 533242 623785 236399 28654 84734 475996 24805 99394 258960 535260 323413 191978 183045 638615 113230 260874 511169 393659 500751 283353 100680
603355 511274 476312 143450 156251 19786 453150 303634 227322 642406 497398 599582 174866 170284 483053 126613 620379 307930 270623 575869 337732 33184 241835 188475 246411 604160 570118 364116 290804 564568
356409 547049 478484 532873 473748 630446 21791 600065 611900 388642 103181 585936 629492 413269 102058 240453 177701 488218 285816 73589 305780 324671 249236 553011 184711 233672 631168 153032 607463 301836
547919 29257 150638 241926 470555 38036 320670 438817 87034 474237 458933 194545 230378 59323 258542 636978 376962 424627 512447 399400 433208 479925 145392 165886 474799 147767 50240 343679 226222 459854
162804 285730 199351 389711 27298 516467 45021 351457 562610 606723 471651 530754 564969 262617 214484 304311 650075 256306 385056 400830 322962 476039 600995 82360 575262 549558 410084 391194 88020 323955
49023 84031 9757 448236 283857 288264 242570 305687 375078 507327 564197 69166 588614 370879 203353 472598 34753 345502 182839 253369 138990 637050 464660 328982 531115 586843 31556 295632 482164 297267
4454435 2583375 6815827 430514 5199695 5751060 1241658 3973634 2115728 4456811 2161181 7269460 4760712 712184 1105007 2670432 1325830 1784635 5859361 5047658 6202384 2686964 3223522 4148033 81771 7831113 3454242 5487517 3215408 3349882
#N=22 M=30 expect=12 range=655360
