21
20
633418 486367 602398 268752 237179 476755 534621 456659 386559 539964 383420 307987 217897 157054 361555 366728 365678 136885 31463 354664
494995 422711 247114 646792 73195 519851 238052 631102 652913 358269 460158 520866 311182 433293 125494 271750 372520 91118 17814 214621
506296 106915 452207 547512 31910 271789 397932 609811 66469 484544 560436 500254 145194 208940 160924 298532 409823 305931 441741 221217
605642 62869 132019 528653 350483 505056 22062 14528 143837 156534 129053 405204 426026 352503 449409 270261 626227 373252 566044 283734
533020 359023 130765 113988 208505 385545 150334 11656 522434 141871 159151 539551 370822 447677 523814 567025 489286 556261 265362 588919
117192 482471 363118 458660 609949 367590 496950 311230 5435 485812 438788 299796 410863 393952 335015 181501 209628 599235 517697 484966
633217 36950 522186 299719 568679 21895 13778 379674 457008 397552 476619 24200 158634 84549 7599 260143 517427 571140 45125 635623
124432 644887 305054 3450 332608 516623 361427 362619 532672 631226 398938 346562 84080 461915 418974 162044 651651 534261 90695 495252
265917 374142 213805 240833 231636 38749 264727 450220 358767 645511 54129 220218 630401 466834 26554 646184 18445 643339 29894 525226
521226 52283 188470 187632 263089 148439 427891 341040 593662 384661 205587 506625 348332 513089 89544 527332 444052 381833 542867 96643
504153 550739 121490 653482 345161 572270 259351 363786 576365 326209 343492 425714 554563 9430 550784 514257 545545 199225 562636 515020
577546 331534 212263 67468 223071 582444 144356 550580 60829 271478 141167 428464 183964 28181 573277 312533 78762 544154 598633 364289
78938 398059 323266 38864 50430 548807 537990 338921 478710 545603 482171 584859 266144 206913 645709 587696 314513 328907 524411 602586
437690 26333 458035 75082 406789 608663 615917 400910 193107 522492 301860 327055 634558 500337 40764 488984 16860 41732 229672 467281
562350 403862 311819 155416 84286 446335 276534 238210 608683 174089 170060 146839 600789 348795 595067 341540 570689 427999 291607 112332
137504 439477 424600 282771 463780 85083 355 293110 501985 514426 273373 202350 16870 577167 647737 105338 194783 231032 185665 601395
506164 454420 146273 375855 402418 302226 451867 202144 211152 449253 168363 52772 292311 36860 470964 15682 644659 448796 499512 40062
364048 347406 89121 562678 347693 12463 570728 248069 160598 39341 333562 445419 561668 51086 855 385316 448319 287979 404192 236745
304232 12359 639239 575824 103767 232989 121912 384336 107843 344365 353955 42692 331798 297222 359247 199823 29314 235297 54708 491066
315369 85947 613377 30671 12530 473220 583640 249846 421192 114587 303176 633628 274947 398302 255145 567496 163441 306652 634976 559137
404220 652608 539365 445875 457818 583411 240905 565911 445423 607527 532106 615430 123376 451299 628903 418309 565685 233174 135981 115355
1369715 3542253 1992552 150031 2881562 1050067 3447091 3796663 2353464 3108477 2772836 2405514 2740944 96815 3747309 3765452 1124099 3409729 2674474 3230478
#N=21 M=20 expect= 6 range=655360
