22
30
580192 617701 651520 475340 597419 37982 191196 231000 187761 369554 430637 410321 143771 602387 253297 637184 483366 460940 384104 222735 327251 80846 431767 8452 129859 75749 354109 643597 464419 190657
645913 134663 438416 521387 432697 270166 101332 337059 363476 598174 320972 539039 531726 141158 376227 157660 498714 453188 12885 310959 256794 49566 68042 228664 547590 504630 429417 259590 357387 315995
480151 654569 92910 567889 419658 651545 524453 450401 415795 121788 607403 543482 115971 354164 179430 259688 580453 153107 408719 651182 139024 256595 186268 248524 555549 473228 224658 105588 160349 86047
426782 136947 552082 424216 639254 238218 478114 513911 257854 463859 371576 326732 352401 606387 200099 61271 623609 215568 129005 339433 298015 149500 591420 357921 327695 340100 491971 262213 91228 642915
508950 530455 125050 518555 5585 419184 179447 351756 177897 555923 494019 217147 527560 425243 272209 12008 538115 145045 277273 396815 486769 600939 333172 161179 83101 215117 580311 409764 39129 100287
177258 311248 14952 238192 328130 441497 229304 609531 475433 435270 455742 147561 365809 65945 253875 496342 484646 624536 190611 560827 355706 144330 108266 505161 559740 501050 518534 97824 539345 448694
229672 625027 564859 261518 139259 194626 382338 1798 599922 80850 194813 532577 620804 563324 636089 178683 507655 458505 495915 134094 74599 508963 526365 526448 332904 501277 368087 89034 281425 332276
453876 146569 363243 438527 180254 537023 104032 64846 533589 581056 199313 211239 380618 104226 267619 208410 636816 226372 479474 72487 41200 120120 481386 210087 79595 291027 316307 24646 258429 562028
616693 575950 387551 534165 421872 128233 67245 646517 349288 434349 402291 254815 94376 609987 83421 126201 5810 480059 133563 442628 448355 632012 156785 375676 322501 243778 332999 396006 364807 602943
262114 575176 576881 55365 541999 267710 558325 227881 645633 611726 499398 167901 69220 412260 503869 402133 106730 398203 636487 177518 243083 106028 566386 29342 646114 341747 276717 307619 600252 618389
324526 1834 52949 525483 456020 276378 161584 109021 73319 34239 618859 601724 138744 228542 68530 200582 91480 218403 398737 568353 56066 194375 470044 118442 369616 647970 262614 510325 518831 32441
369368 322238 564427 520342 617441 518704 113591 358785 137964 308151 363478 626992 192098 403599 396316 654233 254262 367283 317653 17115 394287 590492 614342 294046 116911 156533 220898 112843 158545 394583
128626 138591 40716 559027 201026 339759 499405 632257 330247 584985 479856 183696 80427 449023 104368 537188 321191 8297 397796 386212 313587 611238 175630 481145 604713 279128 75272 13118 205684 590149
240991 561437 480894 355975 159658 559542 549345 271801 173778 538828 528849 168075 445756 80828 450709 467535 266277 311502 14711 147183 151581 640315 8778 650761 476423 383884 597669 249684 476183 89947
598400 287553 2105 598217 396321 152843 328250 215879 232844 179996 43162 310658 184402 263086 101672 149253 185134 494476 365782 461172 35179 626581 554204 346439 546749 257834 168551 298775 361210 297666
124981 188775 255656 180627 137691 141163 451635 122762 384624 379537 569742 207665 521343 357173 347089 258555 443518 637117 544962 43256 184755 12499 644470 217804 298840 296055 648938 201560 188610 322688
247803 453786 319119 465807 581031 129075 247729 494805 45769 74171 490232 175259 63983 138334 302249 242589 341801 89592 87125 227850 585585 145417 88739 112098 369123 294258 529930 468449 325916 383431
579704 338562 396378 61933 11960 59819 511441 71175 540640 462072 613186 560489 490976 389461 503187 460018 30741 425921 584499 170433 265117 550387 89579 36197 355662 602557 138872 36020 332968 422026
292683 448144 411218 614946 643981 499139 650287 80888 514917 20802 20213 608011 592912 44441 269398 218351 258647 95449 299093 509563 163269 378311 113376 613865 131607 57269 550809 348491 565942 409301
456224 362270 638405 115803 218893 296774 223855 449093 220476 313238 51156 221049 2583 213600 77002 270755 259325 334391 150968 393838 404540 83679 630414 585544 256089 619646 517205 543939 327270 97751
348922 478135 568866 598658 119490 500812 447552 473353 281717 104689 177702 577477 559118 12285 516049 303646 522064 468112 222319 55216 262748 374068 480150 253902 626846 418837 93550 207864 305074 254687
418609 334525 289042 454916 128385 228428 62117 438817 241018 321447 75516 423172 525365 127270 371846 62012 213679 521778 607964 578160 13104 565496 593261 169751 287972 320288 180348 615501 239789 200810
1107656 996310 813565 630598 505384 864086 575574 382444 30016 143928 1100981 468303 256966 1196962 325531 996267 798537 1203500 583972 1113984 441269 218282 785427 45964 14201 240672 370937 1289352 1012143 148402
#N=22 M=30 expect= 2 range=655360
