22
30
545740 358417 531413 558750 577038 116881 306497 424476 408599 212939 105110 246145 302530 206491 596310 380616 89693 111098 120179 239510 420725 197373 134467 90433 597322 438916 249887 340357 341389 311794
557364 325037 369011 20421 146902 146505 352994 387117 330643 512328 650562 242470 587341 556294 647458 547881 494255 491479 102759 349221 419724 470080 370736 322100 590461 589235 50534 298606 403947 405787
255404 24868 304491 398488 156243 363298 499184 380589 462016 108720 357661 231261 106525 274624 442193 157247 456455 76507 527745 241516 54785 120238 524199 386431 195793 357436 635023 65115 364382 299309
100400 111460 537885 193673 190963 127846 135877 459498 573287 406424 261909 175275 408267 306924 376536 102211 433704 126776 516194 415196 610726 631365 601502 473486 639413 620410 71231 597870 406320 253908
583803 49988 604294 162270 585245 249037 514081 332504 443993 496674 517802 17624 518350 176139 631895 346126 138755 346415 613628 6517 443466 28225 282878 404836 110316 295635 76385 550665 218042 327321
186265 494085 421344 254386 354836 305211 346813 159101 59590 532079 97227 69519 536727 462270 421114 173333 526452 228083 476653 158059 178877 17565 480920 265750 53016 299005 71248 381208 86180 650814
111609 423113 368261 483402 250572 141241 103902 490734 546746 264566 44859 243097 431758 433546 204651 501009 287341 144124 391103 209890 377563 491368 491975 473875 565362 621900 314118 595641 530914 184577
170198 614021 20399 554945 254927 579045 595026 554585 35681 171623 43521 627632 531181 40941 435094 577563 447460 352022 160618 357478 637392 19024 98854 645087 188349 308077 243373 579935 530441 135026
1659 74696 371223 411973 357568 370388 42302 588712 6885 5012 129298 184741 19676 236017 68643 113701 153444 379488 439027 481922 194821 510364 214941 428511 602749 262013 206024 606208 359957 108942
373885 485471 196583 532348 397378 213840 44197 521637 453100 617594 126939 72732 116708 580422 106357 404466 13429 431032 65337 364078 630276 60666 329443 62657 461403 565143 399736 558143 183394 351620
336065 7406 638974 269059 409669 309595 394331 455922 403425 362042 228428 276001 409610 405613 497111 593861 12621 617522 612463 484175 63042 235094 596665 355897 159191 253690 23181 528838 430537 581147
147936 551426 610565 280354 180378 240152 232647 495780 496551 259835 153852 257597 558829 480070 631144 601804 434366 95975 302767 565603 618385 488826 130496 433971 179676 435372 404171 543828 544646 494152
347599 317969 584541 627821 484896 568664 626570 468490 141146 532175 642958 172636 97080 635717 362290 567441 606009 231747 317926 6959 428144 109384 629248 193384 393347 217677 112875 132493 558303 609823
449833 71844 59439 113327 568580 613450 472450 402563 43287 399217 633565 461980 442294 104276 483969 306448 59969 89091 121281 566539 76829 257107 25686 13858 645656 528521 444442 372554 253943 266688
292521 380411 132293 459348 83065 204821 109554 253456 166978 361602 499060 526011 123835 199173 85158 436940 624239 104273 567103 469472 627670 174116 19223 104650 213634 252923 459872 531325 61456 171715
596389 643362 363780 329052 533017 509717 514844 258471 572973 589180 19083 248796 412089 598595 359358 544309 609900 390778 13177 111359 609212 560415 257829 55684 536451 283484 344180 206246 55081 489757
250514 416403 124617 63999 311113 157196 81694 124462 16930 64082 40540 110298 23096 146683 7474 118531 446114 553605 239223 292125 187309 367592 241627 64291 639911 336667 578687 574566 314052 538229
391096 380267 626102 24653 450549 558202 602203 457663 284591 348872 551779 4455 433139 565448 538045 131447 293361 188164 73755 395233 387807 346900 422595 250724 167600 537475 113912 210679 37926 343050
302223 97798 9773 394540 605811 265373 9606 304179 553231 40488 364134 382970 262624 638339 468233 168423 82613 77073 290355 484511 174728 265654 506178 478582 521285 82919 536141 489874 115116 566085
123390 498865 411830 367592 197263 466824 134807 230834 649012 528238 136191 569282 311939 34077 45750 198509 522589 280383 230377 449866 610828 143417 84798 122824 96772 78774 460275 647309 175095 589283
368713 287960 139189 423184 45671 399921 252176 76787 112812 357527 438563 593147 570349 187623 593695 421362 328564 631020 54605 240807 277553 106062 444353 74631 367521 378992 443690 623843 545639 89442
549777 138799 228576 251661 251299 360935 84223 281894 534212 204150 204140 86099 404234 645660 648642 526047 249418 288753 105153 134661 188374 560340 397579 214913 167489 557929 136519 66765 109716 378199
2642041 2467180 967638 4601940 4513977 2414057 5182619 5050401 498326 2089634 3914769 2441315 2354918 428472 1771034 272071 3886987 712119 2650406 3393846 816456 448285 2419280 4958002 1903471 1216256 3064400 762388 117944 3899928
#N=22 M=30 expect= 8 range=655360
